1649755079
1645486854
2020436289
1748119942
1674845010
1688039747
1632570112
1710639208
1743073077
1673686006
1668618991
1658204735
1707138623
1778317888
1660415574
1643185942
1660279658
1694107336
1654315086
1706924178
1654782952
1642219565
1642842064
1694456644
1617042722
1683945272
1727225008
1670510198
1694479175
1690890100
1663487643
1655949531
1695528655
1675819275
2211122027
2006154636
1747034768
1766114776
1680194757
1635701800
1717369415
1627560578
1666279124
1662156440
1679947052
1611224322
1681288100
1610143479*
1645197768
1700244134
total runtime in ns: 85075071315
the average in ns: 3403002
