83568628268
82582265198
83430154087
82707289712
82471257395
82749590398
83203455298
85075877313
84766439245
83325699684
85188363014
82348894289*
85867588138
91006524310
112924454242
136480054589
136291855500
135717673239
130111382418
99558073946
98946838508
98328160674
94788719497
94987093610
95355937843
117708339179
116846555467
116860012057
116480943074
122310339918
116764481750
117026983436
116999926902
116389683117
116400533661
116986007990
130119749406
130622728446
129457606645
128503416750
102496894221
121799478679
125224070313
128964762224
127528884394
112923081884
115731494503
117121918287
116286891710
116320939270
total runtime in ns: 5405657993698
the average in ns: 216226319
