254940398
253810671
324134822
358778915
341556066
324410793
333708811
321401315
231744024 *
506669213
492821362
436406990
427675659
351935427
354894114
337590842
336543959
348693401
338383742
347970909
428205596
360768856
362716384
365832305
368209485
345651798
340117306
360282500
354241917
352629086
358000739
344473269
370282866
345352492
364912436
362535688
360044688
370884480
365776615
369862922
342276447
356953702
360595947
359734147
363399890
413702650
379383210
403385795
396411646
368580825
total runtime in ns: 18019277120
the average in ns: 720771
