11692958492
11554409569
11746714979
11594823365
11447401758
11375614307
11661968700
11395374820
11438776193
11424875030
11411353115
11336830830
12685716480
11794959818
11627014518
11599943919
11524140994
11940684655
11452954335
11299633506
11362011922
11640766980
11695887057
11390534373
11398870766
11371151628
12494403173
11939991278
11590325918
11481319094
11499445520
11448852788
11504143705
11390801842
11328151113
11545460246
11384276269
11458849121
11396288019
11457353222
11716667813
11755474307
11554282338
11077807012
9830594599
9795446905
9772854440*
11515212182
13555045026
12910570750
total runtime in ns: 576268988789
the average in ns: 23050759
